y	age	boat_length	cooler
13	45	24.19	31.13
23	64	23.22	41.35
31	44	29.45	37.93
14	45	37.55	30.96
23	76	53.68	27.67
20	69	28.61	29.68
23	44	25.62	34.78
29	62	18.7	27.3
25	43	32.25	28.46
28	54	31.45	48.93
13	57	29.81	45.95
34	43	22.87	37.24
23	47	104.93	25.8
10	55	26.39	43.5
11	43	28.04	34.54
9	40	35.49	38.14
37	42	44.01	33.55
15	56	27.16	32.43
38	58	37.41	36.68
28	45	34.19	37.05
12	61	33.13	37.74
15	51	20.97	35.82
28	48	31	25.75
20	57	23.17	34.42
29	69	49.24	24.82
31	48	37.13	43.03
10	49	50.24	29.06
15	50	22.3	30.37
33	62	41.63	31.18
30	37	26.43	38.97
36	49	31.48	41.73
32	60	43.61	41.01
18	59	29.96	34.26
11	47	35.86	47.03
29	52	28.69	32.72
17	48	31.39	41.5
17	51	36.72	48.31
14	55	21.95	50.98
45	54	24.44	71.73
34	64	53.84	44.62
21	52	27.46	37.77
31	60	40.56	41.75
27	40	33.02	29.78
25	56	114.46	25.28
36	53	22.79	40.98
19	48	22.32	31.75
19	63	42.63	37.96
9	45	35.02	39.08
22	47	38.47	38.77
12	52	26.48	39.3
16	64	27.96	30.44
23	58	33.6	27.99
14	52	64.36	30.88
10	54	28.3	36.86
31	52	38.72	48.67
19	42	27.4	33.01
27	44	39.31	42.82
10	49	48.62	42.86
33	45	23.23	37.72
14	45	21.25	39.65
32	43	35.41	52.81
9	38	40.96	40.2
8	59	23.04	59.93
12	47	34.42	40.73
34	59	43.41	33.56
14	51	24.54	43.78
13	57	37.68	38.26
17	54	33.83	41.38
35	51	38.33	26.49
13	48	34.09	46.2
18	52	42.28	31.28
18	55	26.19	32.6
19	47	22.95	25.52
26	69	161.26	34.54
30	70	34.72	35.07
16	43	22.84	50.35
37	34	25.37	45.09
14	49	31.08	46.41
16	58	33.84	25.27
32	51	36.63	41.05
11	46	32.86	44.4
30	58	37.77	32.9
36	64	25.14	42.36
11	61	29.53	47.81
8	49	36.14	32.92
15	51	26.41	43.57
13	61	30.74	41.66
22	60	26.69	39.4
16	47	47.45	29.51
34	47	47.16	24.87
33	53	24.6	36.42
36	48	40.33	29.06
33	72	31.35	40.33
33	39	35.54	46.82
24	45	29.01	36.21
28	46	20.61	41.32
14	74	21.56	27.82
10	45	48.31	45.97
31	46	31.37	32.09
25	49	32.19	36.43
29	37	29.11	39.11
33	45	22.42	31.33
27	57	104.78	34.27
26	51	46.95	38.43
26	46	33.91	34.74
35	52	25.55	45
7	53	64.56	54.87
33	46	25.57	36.53
15	51	27.74	41.78
33	54	27.44	41.88
14	53	40.73	41.12
12	63	25.28	37.32
7	53	26.58	40.04
28	51	24.85	36.64
12	48	22.92	39.34
33	68	33.22	30.73
29	43	30.27	39.09
17	47	24.03	27.22
18	55	46.16	33.82
14	46	62.65	28.96
31	44	37.5	32.68
28	51	20.55	34.88
34	46	39.77	37.59
14	45	28.87	40.59
29	59	27.51	26.7
20	60	31.87	37.74
10	59	37.91	35.09
14	58	44.16	28.24
28	60	28.71	51.77
16	50	49.34	38.48
24	44	33.55	30.65
12	59	31.7	34.87
20	51	37.26	32.86
41	45	40.34	32.63
38	57	31.18	55.85
34	59	25.97	26.96
34	44	20.29	28.45
12	48	130.67	57.77
21	50	24.03	34.02
33	40	29.93	42.81
17	46	65.96	31.52
24	52	26.16	32.26
17	56	33.62	31.25
14	62	47.3	51.76
38	57	25.56	41.64
13	58	28.26	52.57
8	48	25.36	52.9
20	63	39.68	26.41
14	37	44.42	42.89
8	59	28.44	37.95
9	52	30.1	32.76
27	42	21.97	46.89
33	49	31.42	54.63
14	53	31.03	28.91
29	52	23.5	47.3
16	57	22.23	35.2
9	45	33	58.55
19	48	132.24	34.47
17	50	24.52	33.67
40	52	25.24	44.85
15	49	32.69	28.9
30	45	21.38	42.11
37	51	39.89	45.29
26	47	55.29	31.71
11	48	46.12	30.67
20	41	44.61	35.46
8	52	22.27	51.32
13	47	36.25	37.77
14	52	28.94	44.08
43	48	22.09	40.69
9	55	44.28	34.42
19	50	22.36	31.17
28	53	22.14	36.33
14	67	20.85	38.64
19	41	23.84	35.95
32	50	24.29	51.46
27	42	25.28	51.09
15	58	88.83	27.06
13	53	33.91	36.37
35	45	19.69	32.86
15	44	36.33	43.15
38	59	22.01	41.06
30	53	29.5	33.98
30	40	22.67	34.3
15	39	49.52	32.1
24	53	55.64	41.54
18	51	42.17	29.38
28	48	38.4	35.26
14	50	32.93	33.76
15	51	66.9	57.41
38	46	49.8	47.23
23	55	17.35	51.27
39	50	24.24	39.37
27	73	58.19	32.92
16	48	26.55	28.74
9	45	30.4	38.89
18	52	18.02	30.51
11	46	35.16	32.82
33	52	36.23	31.43
38	47	48.53	27.73
18	45	37.08	40.64
12	56	72.55	38.53
8	47	41.55	30.78
25	64	34.27	39.01
12	79	54.12	33.94
13	38	36.26	32.11
12	43	23.95	35.29
24	43	22.29	44.26
32	40	26.46	35.23
20	46	31.73	27.93
14	61	33.33	28.58
32	56	26.25	35.85
18	52	33.32	31
25	42	76.54	39.88
23	49	41.4	34.13
13	59	37.08	34.06
37	50	36.45	33.88
43	56	53.55	33.98
11	50	33.56	40.25
36	50	39.11	37.55
46	54	27.38	55.05
22	49	26.19	31.51
38	46	31.7	38.71
18	45	58.94	36.66
12	51	38.73	42.1
32	46	44.19	34.46
35	44	30.03	37.44
22	45	69.43	36.49
26	59	60.05	32.16
9	62	36.82	62.84
12	50	35.21	37
18	52	36.13	44.61
31	44	33.24	31.69
38	45	26.84	41.52
19	46	66.73	28.98
18	46	34.37	30.71
18	53	24.22	28.93
28	42	22.24	27.7
13	52	26.45	34.98
20	57	28.09	32.34
32	45	23.8	43.7
26	55	70	32.37
9	46	55.17	40.94
11	56	35.87	43.92
19	49	39.13	31.9
17	65	26.49	29.84
10	40	25.6	38.58
11	49	39.8	47.28
29	48	32.43	36
43	43	22.28	39.84
12	43	44.19	36.38
18	52	41.51	36.06
30	49	23.8	42.65
24	80	29.33	31.95
12	56	27.52	39.55
33	70	35.57	27.43
10	52	18.41	39.53
30	44	25.22	25.59
32	40	52.14	37.89
21	55	44.44	30.37
31	63	22.15	47.04
18	63	26.44	29.79
28	57	46.53	56.98
14	37	35.66	36.09
11	44	35.83	33.18
32	50	25.74	55.27
23	54	38.05	28.67
24	38	29.26	28.21
11	45	31.1	50.64
30	54	37.63	36.56
13	51	49.74	36.88
20	48	28.75	27.72
18	63	28.69	42.23
16	44	21.94	35.22
11	56	60.04	45.28
18	78	37.51	36.13
11	45	36.78	48.14
12	50	28.55	45.68
23	50	30.55	29.91
25	57	33.84	36.48
17	42	22.99	31.84
15	53	23.56	29.97
7	45	35.51	35.08
10	55	18.55	53.97
18	41	21.04	33.02
11	58	44.68	38.21
36	65	27.77	32.38
15	48	34.61	28.99
19	58	28.04	32.9
36	55	31.99	54.85
14	44	19.18	40.11
11	62	35.01	43.35
16	49	24.05	28.58
19	51	30.65	35.24
26	58	30.47	34.58
32	71	33.28	31.01
11	44	52.75	39.57
20	42	34.19	37.54
16	61	24.38	25.8
19	53	27.35	32.32
27	66	23.32	31.78
16	42	113.42	47.46
26	44	66.5	35.16
34	49	31.65	62.77
27	49	41.48	41.82
34	49	35.12	31.16
15	60	16.64	33.2
18	55	20.64	33.68
33	54	46.3	47.22
13	54	49.85	31.76
27	54	56.08	30.8
26	55	42.53	32.59
26	47	31.84	31.07
29	46	33.8	32.65
27	49	24.21	36.85
11	49	38.42	41.36
11	55	41.2	36.68
14	55	24.32	30.91
26	50	29.34	38.01
15	63	20.84	43.02
13	52	25.64	34.64
18	51	31.62	39.28
24	51	35.85	31.16
19	63	25.68	29.59
29	55	42.71	37.24
14	41	23.98	33.55
22	50	23.65	36.54
16	52	27.22	31.74
23	36	18.82	28.41
35	53	23.78	52.53
42	53	44.57	46.78
18	64	35.94	28.41
16	57	28.86	24.6
21	46	31.56	28.58
23	45	38.36	33.45
27	60	16.39	29.42
13	53	27.24	33.1
21	53	57.97	30.07
17	67	25.34	32.96
14	49	38.53	39.52
28	63	25.22	43.53
21	35	87.29	28.29
17	47	38.27	30.13
3	77	43.75	44.9
23	46	49.81	37.77
12	41	47.43	42.36
25	59	35.37	41.75
19	48	24.17	34.89
41	47	32.65	33.15
13	51	35.47	37.01
14	44	24.13	33.66
40	65	59.95	59.9
14	51	29.58	28.28
35	55	39.01	39.75
29	69	48.59	27.6
17	48	35.66	32.92
33	62	33.53	41.88
23	50	15.82	40.47
19	57	21.01	44.95
34	54	25.03	37.93
17	49	37.33	40.33
22	53	41.57	31.28
14	45	63.21	59.94
40	37	21.56	45.33
13	38	23.6	45.69
28	54	23.38	32.28
15	53	24.59	32.09
28	41	29.75	31.85
26	61	33.59	30.89
23	56	67.17	40.18
27	70	30.8	29.51
20	53	19.39	33.14
15	43	79.66	36.92
29	51	27.29	41.36
11	40	53.82	50.82
33	52	23.56	34.95
28	50	36.14	41.06
21	49	36.62	40.5
24	79	39.63	37.79
13	49	39.86	35.77
9	59	42.58	48.16
29	51	62.08	34.49
13	54	40.57	32.37
14	43	26.94	26.68
26	55	48.55	30.85
16	42	22.51	35.21
19	38	41.02	32.97
20	46	20.01	26.51
14	49	39.31	52.68
23	49	28.22	34.24
14	45	29.22	35.65
22	50	30.52	29.14
42	48	32.94	44.27
25	57	25.63	33.53
32	54	27.53	31.36
32	54	44.78	37.86
51	53	29.75	81.33
13	46	51.15	32.02
26	55	52.57	46.15
27	62	57.89	38.44
21	47	24.68	31.67
25	40	16.93	29.09
20	60	29.98	39.56
18	48	39.52	38.75
10	38	40.36	29.25
37	53	31.15	35.65
23	57	25.46	34.52
9	50	21.48	41.98
34	52	70.46	35.65
18	50	32.55	40.02
25	52	35.93	38.88
12	56	27.92	36.6
23	61	71.47	28.72
17	42	45.39	44.79
15	53	23.92	46.35
8	50	40.32	29.49
26	42	41.3	28.7
32	47	32.93	45.31
32	54	33.25	42.09
28	52	55.62	35.41
40	45	25.94	32.96
17	43	37.79	40.13
12	50	33.69	27.63
39	43	40.44	32.45
27	60	55.39	35.89
11	59	29.88	44.04
17	60	36.74	29.04
16	39	24.88	35.17
14	57	18.34	46.06
20	60	29.82	33.57
14	61	42.04	38.46
9	58	35.29	39.05
8	63	31	54.87
22	41	22.61	32.29
9	49	26.01	39.37
13	44	41.34	41.04
10	50	35.31	32.96
25	55	33.77	25.06
19	56	68.52	28.11
14	51	56.32	40.07
29	56	27.68	36.45
10	47	26.99	36.99
8	54	19.49	38.36
35	58	33.75	28.32
29	52	20.1	34.6
29	48	33.33	28.88
34	50	35.02	40.48
38	62	35.78	32.58
32	56	22.41	39.27
9	51	23.42	36.99
28	48	25.05	45.82
40	61	28.76	49.02
5	43	21.19	36.84
11	61	22.63	42.64
24	73	86.53	36.72
31	52	29.28	25.57
8	52	43.26	33.07
27	50	16.08	30.2
28	51	51.1	41.68
15	62	23.3	33.09
14	66	34.92	38.06
49	51	36.1	65.56
18	51	96.08	21.99
12	57	57.36	42.41
17	60	30.98	41.33
31	56	32.93	26.74
8	44	31.52	27.79
13	56	27.62	46.48
30	45	23.38	29.88
26	68	100.99	35.47
10	56	54.8	26.88
23	49	30.22	30.05
19	57	25.72	25.33
20	56	23.08	32.76
42	63	33.77	53.84
16	46	26.38	26.31
13	58	48.68	36.25
39	57	38.05	43.19
14	39	30.94	42.71
34	61	53.53	47.74
12	37	46.8	37.79
22	64	37.79	39.72
7	44	30.1	29.21
16	54	29.57	35.26
42	65	21.59	44.92
22	41	29.78	25.57
14	63	33.59	54.87
16	56	45.93	22.83
23	49	21.61	38.97
13	45	27.56	29.56
16	53	37.34	31.9
32	53	18.21	42.37
22	50	36.16	29.87
30	53	38.28	34.84
14	70	23.33	38.72
8	44	40.13	29.42
42	69	34.59	51.97
13	48	19.4	46.01
13	61	23.92	48.29
15	47	56.86	29.4
